"age";"Dx";"Px";"qx";"lx";"dx";"Lx";"Tx";"ex";"total"
0;174;58500;0.003119;100000;312;99735;7469443;74.69;74.69
1;15;61514;0.000244;99688;24;99676;7369708;73.93;74.93
2;13;62386;0.000208;99664;21;99653;7270032;72.95;74.95
3;11;61618;0.000179;99643;18;99634;7170379;71.96;74.96
4;11;58196;0.00015;99625;15;99618;7070744;70.97;74.97
5;6;54359;0.000109;99610;11;99605;6971127;69.98;74.98
6;2;51677;8e-05;99599;8;99595;6871522;68.99;74.99
7;4;49476;7.3e-05;99591;7;99588;6771926;68;75
8;5;48244;9.8e-05;99584;10;99579;6672338;67;75
9;6;47502;0.000107;99574;11;99569;6572759;66.01;75.01
10;5;47047;0.000107;99564;11;99558;6473190;65.02;75.02
11;3;46398;9.5e-05;99553;9;99548;6373632;64.02;75.02
12;6;46115;9.7e-05;99544;10;99539;6274083;63.03;75.03
13;4;46444;0.000105;99534;10;99529;6174545;62.03;75.03
14;7;46649;0.000117;99523;12;99518;6075016;61.04;75.04
15;7;48166;0.000163;99512;16;99504;5975498;60.05;75.05
16;13;52418;0.000311;99496;31;99480;5875995;59.06;75.06
17;29;58772;0.000475;99465;47;99441;5776514;58.08;75.08
18;46;62886;0.000662;99417;66;99385;5677073;57.1;75.1
19;49;65122;0.000816;99352;81;99311;5577689;56.14;75.14
20;59;67302;0.000839;99271;83;99229;5478378;55.19;75.19
21;60;67430;0.000831;99187;82;99146;5379149;54.23;75.23
22;49;68803;0.000848;99105;84;99063;5280003;53.28;75.28
23;60;70269;0.000777;99021;77;98982;5180940;52.32;75.32
24;59;71188;0.000748;98944;74;98907;5081958;51.36;75.36
25;45;72757;0.000802;98870;79;98830;4983051;50.4;75.4
26;62;73981;0.000761;98791;75;98753;4884220;49.44;75.44
27;67;74435;0.000766;98715;76;98678;4785467;48.48;75.48
28;50;75392;0.000841;98640;83;98598;4686790;47.51;75.51
29;67;76508;0.00087;98557;86;98514;4588192;46.55;75.55
30;81;79462;0.000928;98471;91;98425;4489678;45.59;75.59
31;84;85972;0.000991;98380;97;98331;4391252;44.64;75.64
32;87;91395;0.00094;98282;92;98236;4292921;43.68;75.68
33;84;93409;0.000918;98190;90;98145;4194685;42.72;75.72
34;88;95384;0.000974;98100;96;98052;4096541;41.76;75.76
35;109;97232;0.001098;98004;108;97950;3998489;40.8;75.8
36;124;98655;0.001237;97896;121;97836;3900539;39.84;75.84
37;134;96375;0.00136;97775;133;97709;3802703;38.89;75.89
38;125;89024;0.001414;97642;138;97573;3704994;37.94;75.94
39;125;81933;0.001489;97504;145;97432;3607421;37;76
40;125;77917;0.00174;97359;169;97274;3509989;36.05;76.05
41;148;75022;0.002007;97190;195;97092;3412715;35.11;76.11
42;180;71869;0.002234;96995;217;96886;3315623;34.18;76.18
43;161;69988;0.002383;96778;231;96663;3218737;33.26;76.26
44;174;70365;0.002541;96547;245;96425;3122074;32.34;76.34
45;194;71981;0.002827;96302;272;96166;3025649;31.42;76.42
46;250;75095;0.003107;96030;298;95880;2929484;30.51;76.51
47;278;75122;0.003601;95731;345;95559;2833603;29.6;76.6
48;252;69893;0.004031;95387;385;95194;2738044;28.7;76.7
49;325;65268;0.00449;95002;427;94789;2642850;27.82;76.82
50;314;63819;0.005141;94576;486;94332;2548061;26.94;76.94
51;372;62768;0.00601;94089;566;93807;2453729;26.08;77.08
52;442;64359;0.00682;93524;638;93205;2359922;25.23;77.23
53;539;68863;0.007548;92886;701;92535;2266718;24.4;77.4
54;607;72167;0.008271;92185;762;91804;2174182;23.59;77.59
55;619;73222;0.00896;91422;819;91013;2082379;22.78;77.78
56;758;73396;0.009869;90603;894;90156;1991366;21.98;77.98
57;803;73377;0.011098;89709;996;89211;1901210;21.19;78.19
58;930;73849;0.012474;88713;1107;88160;1811998;20.43;78.43
59;1024;73772;0.013662;87607;1197;87008;1723838;19.68;78.68
60;1088;72699;0.014795;86410;1278;85771;1636830;18.94;78.94
61;1144;70478;0.01613;85132;1373;84445;1551059;18.22;79.22
62;1207;69982;0.017528;83758;1468;83024;1466614;17.51;79.51
63;1430;71362;0.019345;82290;1592;81494;1383590;16.81;79.81
64;1471;70075;0.021072;80698;1700;79848;1302096;16.14;80.14
65;1432;60782;0.022911;78998;1810;78093;1222247;15.47;80.47
66;1329;54346;0.024569;77188;1896;76240;1144154;14.82;80.82
67;1450;53763;0.026522;75292;1997;74293;1067915;14.18;81.18
68;1400;48778;0.027894;73295;2044;72272;993622;13.56;81.56
69;1329;43604;0.029905;71250;2131;70185;921349;12.93;81.93
70;1305;41191;0.032429;69119;2241;67999;851164;12.31;82.31
71;1347;36996;0.035249;66878;2357;65699;783166;11.71;82.71
72;1296;32675;0.037506;64521;2420;63311;717466;11.12;83.12
73;1231;30057;0.040798;62101;2534;60834;654156;10.53;83.53
74;1194;27710;0.04376;59567;2607;58264;593322;9.96;83.96
75;1347;26284;0.048429;56960;2759;55581;535058;9.39;84.39
76;1368;25301;0.053291;54202;2888;52758;479477;8.85;84.85
77;1496;24216;0.059087;51313;3032;49797;426719;8.32;85.32
78;1523;23477;0.064875;48281;3132;46715;376922;7.81;85.81
79;1693;22212;0.072086;45149;3255;43522;330207;7.31;86.31
80;1696;20479;0.079714;41895;3340;40225;286685;6.84;86.84
81;1727;18395;0.087811;38555;3386;36862;246460;6.39;87.39
82;1643;16110;0.096681;35169;3400;33469;209598;5.96;87.96
83;1529;13877;0.10707;31769;3402;30068;176128;5.54;88.54
84;1526;11939;0.118332;28368;3357;26689;146060;5.15;89.15
85;1494;10139;0.130875;25011;3273;23374;119371;4.77;89.77
86;1346;8494;0.144746;21738;3146;20164;95996;4.42;90.42
87;1195;7003;0.160059;18591;2976;17103;75832;4.08;91.08
88;1087;5619;0.176928;15615;2763;14234;58729;3.76;91.76
89;917;4195;0.195466;12853;2512;11597;44495;3.46;92.46
90;728;3051;0.215786;10340;2231;9225;32898;3.18;93.18
91;594;1961;0.237992;8109;1930;7144;23673;2.92;93.92
92;295;1084;0.262178;6179;1620;5369;16529;2.67;94.67
93;150;531;0.288424;4559;1315;3902;11160;2.45;95.45
94;121;429;0.316784;3244;1028;2730;7258;2.24;96.24
95;110;311;0.347285;2216;770;1832;4528;2.04;97.04
96;133;318;0.379915;1447;550;1172;2696;1.86;97.86
97;110;217;0.414615;897;372;711;1524;1.7;98.7
98;59;174;0.451271;525;237;407;813;1.55;99.55
99;27;67;0.489704;288;141;218;407;1.41;100.41
100;17;64;0.529661;147;78;108;189;1.29;101.29
101;15;16;0.570812;69;39;49;81;1.17;102.17
102;5;19;0.612745;30;18;21;32;1.06;103.06
103;2;2;0.654969;11;8;8;11;0.95;103.95
104;4;17;0.69692;4;3;3;3;0.8;104.8
105;1;3;1;1;1;1;1;0.5;105.5
